{
  "matrix": [
    [1, 3, 3, 7],
    [0.333, 1, 4, 5],
    [0.333, 0.25, 1, 5],
    [0.143, 0.2, 0.2, 1]
  ],
  "sums": [1.81, 4.45, 8.2, 18],
  "avrg": [2.82, 1.61, 0.803, 0.275],
  "avrgGr": [0.512, 0.292, 0.146, 0.0499],
  "sumAvrg": 5.51,
  "lMax": { "all": 4.32, "y": 0.107, "iterY": 0.11 },
  "matchRatio": { "r": 11.9, "const": 0.9, "rIter": 12.2 },
  "W": [
    {
      "Ae": [14, 10.3, 6.58, 1.54],
      "AeT": 32.4,
      "w": [0.432, 0.318, 0.203, 0.0475],
      "mat": [
        [1, 3, 3, 7],
        [0.333, 1, 4, 5],
        [0.333, 0.25, 1, 5],
        [0.143, 0.2, 0.2, 1]
      ],
      "nextMat": [
        [4, 8.15, 19.4, 44],
        [2.71, 4, 10, 32.3],
        [1.46, 2.5, 4, 13.6],
        [0.419, 0.879, 1.63, 4]
      ],
      "abs": [],
      "eps": 0
    },
    {
      "Ae": [75.5, 49, 21.6, 6.93],
      "AeT": 153,
      "w": [0.493, 0.32, 0.141, 0.0453],
      "mat": [
        [4, 8.15, 19.4, 44],
        [2.71, 4, 10, 32.3],
        [1.46, 2.5, 4, 13.6],
        [0.419, 0.879, 1.63, 4]
      ],
      "nextMat": [
        [19.5, 33.8, 72.8, 210],
        [12, 21.1, 40.6, 121],
        [5.57, 10.6, 21.1, 56.3],
        [1.83, 3.34, 7.2, 19.5]
      ],
      "abs": [0.061, 0.002, 0.062, 0.0022],
      "eps": 0.13
    },
    {
      "Ae": [336, 195, 93.6, 31.9],
      "AeT": 657,
      "w": [0.511, 0.297, 0.142, 0.0486],
      "mat": [
        [19.5, 33.8, 72.8, 210],
        [12, 21.1, 40.6, 121],
        [5.57, 10.6, 21.1, 56.3],
        [1.83, 3.34, 7.2, 19.5]
      ],
      "nextMat": [
        [364, 661, 1350, 3780],
        [215, 390, 803, 2250],
        [105, 190, 390, 1100],
        [35.1, 63.4, 129, 364]
      ],
      "abs": [0.018, 0.023, 0.001, 0.0033],
      "eps": 0.05
    },
    {
      "Ae": [6160, 3660, 1790, 592],
      "AeT": 12200,
      "w": [0.505, 0.3, 0.147, 0.0485],
      "mat": [
        [364, 661, 1350, 3780],
        [215, 390, 803, 2250],
        [105, 190, 390, 1100],
        [35.1, 63.4, 129, 364]
      ],
      "nextMat": [
        [29500, 53200, 109000, 306000],
        [17500, 31500, 64600, 181000],
        [8510, 15400, 31500, 88400],
        [2830, 5110, 10500, 29400]
      ],
      "abs": [0.006, 0.003, 0.005, 0.0001],
      "eps": 0.01
    }
  ],
  "AW": [2.19, 1.3, 0.633, 0.21],
  "eAW": 4.33
}
